0,0: (97, 0, 0) 
1,0: (97, 0, 0) 
2,0: (97, 0, 0) 
3,0: (97, 0, 0) 
4,0: (97, 0, 0) 
5,0: (97, 0, 0) 
6,0: (97, 0, 0) 
7,0: (97, 0, 0) 
0,1: (97, 0, 0) 
1,1: (97, 0, 0) 
2,1: (97, 0, 0) 
3,1: (97, 0, 0) 
4,1: (97, 0, 0) 
5,1: (97, 0, 0) 
6,1: (97, 0, 0) 
7,1: (97, 0, 0) 
0,2: (97, 0, 0) 
1,2: (97, 0, 0) 
2,2: (97, 0, 0) 
3,2: (97, 0, 0) 
4,2: (97, 0, 0) 
5,2: (97, 0, 0) 
6,2: (97, 0, 0) 
7,2: (97, 0, 0) 
0,3: (97, 0, 0) 
1,3: (97, 0, 0) 
2,3: (97, 0, 0) 
3,3: (97, 0, 0) 
4,3: (97, 0, 0) 
5,3: (97, 0, 0) 
6,3: (97, 0, 0) 
7,3: (97, 0, 0) 

