0,0: ( 0, 0, 97) 
1,0: ( 0, 0, 97) 
2,0: ( 0, 0, 97) 
3,0: ( 0, 0, 97) 
4,0: ( 0, 0, 97) 
5,0: ( 0, 0, 97) 
6,0: ( 0, 0, 97) 
7,0: ( 0, 0, 97) 
0,1: ( 0, 0, 97) 
1,1: ( 0, 0, 97) 
2,1: ( 0, 0, 97) 
3,1: ( 0, 0, 97) 
4,1: ( 0, 0, 97) 
5,1: ( 0, 0, 97) 
6,1: ( 0, 0, 97) 
7,1: ( 0, 0, 97) 
0,2: ( 0, 0, 97) 
1,2: ( 0, 0, 97) 
2,2: ( 0, 0, 97) 
3,2: ( 0, 0, 97) 
4,2: ( 0, 0, 97) 
5,2: ( 0, 0, 97) 
6,2: ( 0, 0, 97) 
7,2: ( 0, 0, 97) 
0,3: ( 0, 0, 97) 
1,3: ( 0, 0, 97) 
2,3: ( 0, 0, 97) 
3,3: ( 0, 0, 97) 
4,3: ( 0, 0, 97) 
5,3: ( 0, 0, 97) 
6,3: ( 0, 0, 97) 
7,3: ( 0, 0, 97) 

